49
0 h 0
0 h 1
0 h 2
0 h 3
0 h 4
0 h 5
0 h 6
0 h 7
0 h 8
0 h 9
0 h 10
0 h 11
0 h 12
0 h 13
0 h 14
0 h 15
0 h 16
0 h 17
0 h 18
0 h 19
0 h 20
0 h 21
0 h 22
0 h 23
0 h 24
0 h 25
0 h 26
0 h 27
0 h 28
0 h 29
0 h 30
0 h 31
0 h 32
0 h 33
0 h 34
0 h 35
0 h 36
0 h 37
0 h 38
0 h 39
0 h 40
0 h 41
0 h 42
0 h 43
0 h 44
0 h 45
0 h 46
0 h 47
0 h 48
1 cz 0 1
1 cz 4 5
1 cz 9 10
1 cz 14 15
1 cz 18 19
1 cz 23 24
1 cz 28 29
1 cz 32 33
1 cz 37 38
1 cz 42 43
1 cz 46 47
1 t 2
1 t 3
1 t 6
1 t 7
1 t 8
1 t 11
1 t 12
1 t 13
1 t 16
1 t 17
1 t 20
1 t 21
1 t 22
1 t 25
1 t 26
1 t 27
1 t 30
1 t 31
1 t 34
1 t 35
1 t 36
1 t 39
1 t 40
1 t 41
1 t 44
1 t 45
1 t 48
2 cz 7 14
2 cz 35 42
2 cz 22 29
2 cz 9 16
2 cz 37 44
2 cz 24 31
2 cz 11 18
2 cz 39 46
2 cz 26 33
2 cz 13 20
2 cz 41 48
2 y_1_2 0
2 y_1_2 1
2 x_1_2 4
2 x_1_2 5
2 y_1_2 10
2 x_1_2 15
2 y_1_2 19
2 x_1_2 23
2 x_1_2 28
2 y_1_2 32
2 y_1_2 38
2 y_1_2 43
2 x_1_2 47
3 cz 1 2
3 cz 5 6
3 cz 10 11
3 cz 15 16
3 cz 19 20
3 cz 24 25
3 cz 29 30
3 cz 33 34
3 cz 38 39
3 cz 43 44
3 cz 47 48
3 t 0
3 t 4
3 y_1_2 7
3 y_1_2 9
3 x_1_2 13
3 y_1_2 14
3 y_1_2 18
3 y_1_2 22
3 t 23
3 y_1_2 26
3 t 28
3 x_1_2 31
3 t 32
3 y_1_2 35
3 y_1_2 37
3 y_1_2 41
3 x_1_2 42
3 x_1_2 46
4 cz 0 7
4 cz 28 35
4 cz 15 22
4 cz 2 9
4 cz 30 37
4 cz 17 24
4 cz 4 11
4 cz 32 39
4 cz 19 26
4 cz 6 13
4 cz 34 41
4 x_1_2 1
4 y_1_2 5
4 y_1_2 10
4 t 14
4 y_1_2 16
4 t 18
4 x_1_2 20
4 y_1_2 25
4 x_1_2 29
4 t 31
4 y_1_2 33
4 y_1_2 38
4 t 42
4 x_1_2 43
4 y_1_2 44
4 t 46
4 x_1_2 47
4 y_1_2 48
5 cz 2 3
5 cz 7 8
5 cz 11 12
5 cz 16 17
5 cz 21 22
5 cz 25 26
5 cz 30 31
5 cz 35 36
5 cz 39 40
5 cz 44 45
5 y_1_2 0
5 t 1
5 x_1_2 4
5 t 5
5 x_1_2 6
5 y_1_2 9
5 t 10
5 x_1_2 13
5 x_1_2 15
5 y_1_2 19
5 t 20
5 x_1_2 24
5 y_1_2 28
5 t 29
5 x_1_2 32
5 t 33
5 y_1_2 34
5 y_1_2 37
5 t 38
5 x_1_2 41
5 t 43
5 t 47
5 t 48
6 cz 21 28
6 cz 8 15
6 cz 36 43
6 cz 23 30
6 cz 10 17
6 cz 38 45
6 cz 25 32
6 cz 12 19
6 cz 40 47
6 cz 27 34
6 t 0
6 x_1_2 2
6 x_1_2 3
6 t 4
6 t 6
6 y_1_2 7
6 t 9
6 y_1_2 11
6 t 13
6 x_1_2 16
6 y_1_2 22
6 t 24
6 y_1_2 26
6 y_1_2 31
6 y_1_2 35
6 t 37
6 y_1_2 39
6 t 41
6 y_1_2 44
7 cz 3 4
7 cz 8 9
7 cz 12 13
7 cz 17 18
7 cz 22 23
7 cz 26 27
7 cz 31 32
7 cz 36 37
7 cz 40 41
7 cz 45 46
7 t 2
7 t 7
7 y_1_2 10
7 t 11
7 y_1_2 15
7 t 16
7 x_1_2 19
7 y_1_2 21
7 x_1_2 25
7 y_1_2 28
7 x_1_2 30
7 x_1_2 34
7 t 35
7 x_1_2 38
7 t 39
7 y_1_2 43
7 t 44
7 y_1_2 47
8 cz 14 21
8 cz 1 8
8 cz 29 36
8 cz 16 23
8 cz 3 10
8 cz 31 38
8 cz 18 25
8 cz 5 12
8 cz 33 40
8 cz 20 27
8 x_1_2 4
8 x_1_2 9
8 y_1_2 13
8 t 15
8 y_1_2 17
8 t 19
8 y_1_2 22
8 y_1_2 26
8 t 28
8 t 30
8 y_1_2 32
8 t 34
8 y_1_2 37
8 y_1_2 41
8 t 43
8 x_1_2 45
8 y_1_2 46
8 t 47
9 cz 0 1
9 cz 4 5
9 cz 9 10
9 cz 14 15
9 cz 18 19
9 cz 23 24
9 cz 28 29
9 cz 32 33
9 cz 37 38
9 cz 42 43
9 cz 46 47
9 x_1_2 3
9 y_1_2 8
9 y_1_2 12
9 t 13
9 y_1_2 16
9 t 17
9 y_1_2 20
9 y_1_2 21
9 t 22
9 y_1_2 25
9 t 26
9 x_1_2 27
9 y_1_2 31
9 y_1_2 36
9 y_1_2 40
9 t 41
9 t 45
10 cz 7 14
10 cz 35 42
10 cz 22 29
10 cz 9 16
10 cz 37 44
10 cz 24 31
10 cz 11 18
10 cz 39 46
10 cz 26 33
10 cz 13 20
10 cz 41 48
10 y_1_2 0
10 x_1_2 1
10 t 3
10 y_1_2 4
10 x_1_2 5
10 t 8
10 y_1_2 10
10 t 12
10 y_1_2 15
10 x_1_2 19
10 t 21
10 y_1_2 23
10 t 25
10 t 27
10 x_1_2 28
10 x_1_2 32
10 t 36
10 y_1_2 38
10 t 40
10 x_1_2 43
10 y_1_2 47
11 cz 1 2
11 cz 5 6
11 cz 10 11
11 cz 15 16
11 cz 19 20
11 cz 24 25
11 cz 29 30
11 cz 33 34
11 cz 38 39
11 cz 43 44
11 cz 47 48
11 t 0
11 t 4
11 x_1_2 7
11 x_1_2 9
11 y_1_2 13
11 x_1_2 14
11 y_1_2 18
11 y_1_2 22
11 t 23
11 y_1_2 26
11 t 28
11 y_1_2 31
11 t 32
11 x_1_2 35
11 y_1_2 37
11 y_1_2 41
11 y_1_2 42
11 x_1_2 46
12 cz 0 7
12 cz 28 35
12 cz 15 22
12 cz 2 9
12 cz 30 37
12 cz 17 24
12 cz 4 11
12 cz 32 39
12 cz 19 26
12 cz 6 13
12 cz 34 41
12 x_1_2 1
12 y_1_2 5
12 x_1_2 10
12 t 14
12 x_1_2 16
12 t 18
12 y_1_2 20
12 x_1_2 25
12 x_1_2 29
12 t 31
12 x_1_2 33
12 y_1_2 38
12 t 42
12 y_1_2 43
12 x_1_2 44
12 t 46
12 x_1_2 47
12 x_1_2 48
13 cz 2 3
13 cz 7 8
13 cz 11 12
13 cz 16 17
13 cz 21 22
13 cz 25 26
13 cz 30 31
13 cz 35 36
13 cz 39 40
13 cz 44 45
13 x_1_2 0
13 t 1
13 x_1_2 4
13 t 5
13 y_1_2 6
13 x_1_2 9
13 t 10
13 x_1_2 13
13 y_1_2 15
13 x_1_2 19
13 t 20
13 x_1_2 24
13 y_1_2 28
13 t 29
13 x_1_2 32
13 t 33
13 x_1_2 34
13 y_1_2 37
13 t 38
13 y_1_2 41
13 t 43
13 t 47
13 t 48
14 cz 21 28
14 cz 8 15
14 cz 36 43
14 cz 23 30
14 cz 10 17
14 cz 38 45
14 cz 25 32
14 cz 12 19
14 cz 40 47
14 cz 27 34
14 t 0
14 y_1_2 2
14 x_1_2 3
14 t 4
14 t 6
14 y_1_2 7
14 t 9
14 y_1_2 11
14 t 13
14 x_1_2 16
14 y_1_2 22
14 t 24
14 y_1_2 26
14 x_1_2 31
14 x_1_2 35
14 t 37
14 y_1_2 39
14 t 41
14 x_1_2 44
15 cz 3 4
15 cz 8 9
15 cz 12 13
15 cz 17 18
15 cz 22 23
15 cz 26 27
15 cz 31 32
15 cz 36 37
15 cz 40 41
15 cz 45 46
15 t 2
15 t 7
15 x_1_2 10
15 t 11
15 x_1_2 15
15 t 16
15 x_1_2 19
15 y_1_2 21
15 y_1_2 25
15 x_1_2 28
15 x_1_2 30
15 y_1_2 34
15 t 35
15 x_1_2 38
15 t 39
15 y_1_2 43
15 t 44
15 x_1_2 47
16 cz 14 21
16 cz 1 8
16 cz 29 36
16 cz 16 23
16 cz 3 10
16 cz 31 38
16 cz 18 25
16 cz 5 12
16 cz 33 40
16 cz 20 27
16 y_1_2 4
16 x_1_2 9
16 x_1_2 13
16 t 15
16 x_1_2 17
16 t 19
16 x_1_2 22
16 y_1_2 26
16 t 28
16 t 30
16 x_1_2 32
16 t 34
16 x_1_2 37
16 x_1_2 41
16 t 43
16 y_1_2 45
16 y_1_2 46
16 t 47
17 cz 0 1
17 cz 4 5
17 cz 9 10
17 cz 14 15
17 cz 18 19
17 cz 23 24
17 cz 28 29
17 cz 32 33
17 cz 37 38
17 cz 42 43
17 cz 46 47
17 y_1_2 3
17 y_1_2 8
17 x_1_2 12
17 t 13
17 x_1_2 16
17 t 17
17 y_1_2 20
17 x_1_2 21
17 t 22
17 x_1_2 25
17 t 26
17 x_1_2 27
17 x_1_2 31
17 y_1_2 36
17 x_1_2 40
17 t 41
17 t 45
18 cz 7 14
18 cz 35 42
18 cz 22 29
18 cz 9 16
18 cz 37 44
18 cz 24 31
18 cz 11 18
18 cz 39 46
18 cz 26 33
18 cz 13 20
18 cz 41 48
18 y_1_2 0
18 y_1_2 1
18 t 3
18 x_1_2 4
18 x_1_2 5
18 t 8
18 y_1_2 10
18 t 12
18 x_1_2 15
18 y_1_2 19
18 t 21
18 x_1_2 23
18 t 25
18 t 27
18 x_1_2 28
18 x_1_2 32
18 t 36
18 x_1_2 38
18 t 40
18 y_1_2 43
18 x_1_2 47
19 cz 1 2
19 cz 5 6
19 cz 10 11
19 cz 15 16
19 cz 19 20
19 cz 24 25
19 cz 29 30
19 cz 33 34
19 cz 38 39
19 cz 43 44
19 cz 47 48
19 t 0
19 t 4
19 y_1_2 7
19 y_1_2 9
19 y_1_2 13
19 x_1_2 14
19 x_1_2 18
19 x_1_2 22
19 t 23
19 y_1_2 26
19 t 28
19 y_1_2 31
19 t 32
19 y_1_2 35
19 x_1_2 37
19 y_1_2 41
19 y_1_2 42
19 x_1_2 46
20 cz 0 7
20 cz 28 35
20 cz 15 22
20 cz 2 9
20 cz 30 37
20 cz 17 24
20 cz 4 11
20 cz 32 39
20 cz 19 26
20 cz 6 13
20 cz 34 41
20 y_1_2 1
20 y_1_2 5
20 x_1_2 10
20 t 14
20 y_1_2 16
20 t 18
20 x_1_2 20
20 x_1_2 25
20 y_1_2 29
20 t 31
20 x_1_2 33
20 y_1_2 38
20 t 42
20 y_1_2 43
20 x_1_2 44
20 t 46
20 x_1_2 47
20 y_1_2 48
21 cz 2 3
21 cz 7 8
21 cz 11 12
21 cz 16 17
21 cz 21 22
21 cz 25 26
21 cz 30 31
21 cz 35 36
21 cz 39 40
21 cz 44 45
21 y_1_2 0
21 t 1
21 x_1_2 4
21 t 5
21 y_1_2 6
21 x_1_2 9
21 t 10
21 y_1_2 13
21 x_1_2 15
21 x_1_2 19
21 t 20
21 x_1_2 24
21 x_1_2 28
21 t 29
21 y_1_2 32
21 t 33
21 y_1_2 34
21 x_1_2 37
21 t 38
21 y_1_2 41
21 t 43
21 t 47
21 t 48
22 cz 21 28
22 cz 8 15
22 cz 36 43
22 cz 23 30
22 cz 10 17
22 cz 38 45
22 cz 25 32
22 cz 12 19
22 cz 40 47
22 cz 27 34
22 t 0
22 y_1_2 2
22 x_1_2 3
22 t 4
22 t 6
22 y_1_2 7
22 t 9
22 x_1_2 11
22 t 13
22 x_1_2 16
22 x_1_2 22
22 t 24
22 y_1_2 26
22 y_1_2 31
22 y_1_2 35
22 t 37
22 y_1_2 39
22 t 41
22 y_1_2 44
23 cz 3 4
23 cz 8 9
23 cz 12 13
23 cz 17 18
23 cz 22 23
23 cz 26 27
23 cz 31 32
23 cz 36 37
23 cz 40 41
23 cz 45 46
23 t 2
23 t 7
23 x_1_2 10
23 t 11
23 y_1_2 15
23 t 16
23 y_1_2 19
23 y_1_2 21
23 y_1_2 25
23 y_1_2 28
23 y_1_2 30
23 x_1_2 34
23 t 35
23 y_1_2 38
23 t 39
23 x_1_2 43
23 t 44
23 y_1_2 47
24 cz 14 21
24 cz 1 8
24 cz 29 36
24 cz 16 23
24 cz 3 10
24 cz 31 38
24 cz 18 25
24 cz 5 12
24 cz 33 40
24 cz 20 27
24 x_1_2 4
24 x_1_2 9
24 x_1_2 13
24 t 15
24 y_1_2 17
24 t 19
24 y_1_2 22
24 x_1_2 26
24 t 28
24 t 30
24 y_1_2 32
24 t 34
24 x_1_2 37
24 x_1_2 41
24 t 43
24 y_1_2 45
24 x_1_2 46
24 t 47
25 cz 0 1
25 cz 4 5
25 cz 9 10
25 cz 14 15
25 cz 18 19
25 cz 23 24
25 cz 28 29
25 cz 32 33
25 cz 37 38
25 cz 42 43
25 cz 46 47
25 x_1_2 3
25 y_1_2 8
25 x_1_2 12
25 t 13
25 x_1_2 16
25 t 17
25 x_1_2 20
25 x_1_2 21
25 t 22
25 x_1_2 25
25 t 26
25 y_1_2 27
25 x_1_2 31
25 x_1_2 36
25 x_1_2 40
25 t 41
25 t 45
26 cz 7 14
26 cz 35 42
26 cz 22 29
26 cz 9 16
26 cz 37 44
26 cz 24 31
26 cz 11 18
26 cz 39 46
26 cz 26 33
26 cz 13 20
26 cz 41 48
26 x_1_2 0
26 x_1_2 1
26 t 3
26 y_1_2 4
26 x_1_2 5
26 t 8
26 y_1_2 10
26 t 12
26 y_1_2 15
26 x_1_2 19
26 t 21
26 x_1_2 23
26 t 25
26 t 27
26 y_1_2 28
26 x_1_2 32
26 t 36
26 x_1_2 38
26 t 40
26 y_1_2 43
26 y_1_2 47
27 cz 1 2
27 cz 5 6
27 cz 10 11
27 cz 15 16
27 cz 19 20
27 cz 24 25
27 cz 29 30
27 cz 33 34
27 cz 38 39
27 cz 43 44
27 cz 47 48
27 t 0
27 t 4
27 y_1_2 7
27 y_1_2 9
27 x_1_2 13
27 y_1_2 14
27 y_1_2 18
27 x_1_2 22
27 t 23
27 x_1_2 26
27 t 28
27 y_1_2 31
27 t 32
27 x_1_2 35
27 x_1_2 37
27 x_1_2 41
27 y_1_2 42
27 x_1_2 46
28 cz 0 7
28 cz 28 35
28 cz 15 22
28 cz 2 9
28 cz 30 37
28 cz 17 24
28 cz 4 11
28 cz 32 39
28 cz 19 26
28 cz 6 13
28 cz 34 41
28 x_1_2 1
28 y_1_2 5
28 y_1_2 10
28 t 14
28 x_1_2 16
28 t 18
28 x_1_2 20
28 y_1_2 25
28 x_1_2 29
28 t 31
28 y_1_2 33
28 x_1_2 38
28 t 42
28 x_1_2 43
28 x_1_2 44
28 t 46
28 y_1_2 47
28 y_1_2 48
29 cz 2 3
29 cz 7 8
29 cz 11 12
29 cz 16 17
29 cz 21 22
29 cz 25 26
29 cz 30 31
29 cz 35 36
29 cz 39 40
29 cz 44 45
29 y_1_2 0
29 t 1
29 x_1_2 4
29 t 5
29 y_1_2 6
29 x_1_2 9
29 t 10
29 x_1_2 13
29 x_1_2 15
29 x_1_2 19
29 t 20
29 y_1_2 24
29 x_1_2 28
29 t 29
29 x_1_2 32
29 t 33
29 x_1_2 34
29 x_1_2 37
29 t 38
29 y_1_2 41
29 t 43
29 t 47
29 t 48
30 cz 21 28
30 cz 8 15
30 cz 36 43
30 cz 23 30
30 cz 10 17
30 cz 38 45
30 cz 25 32
30 cz 12 19
30 cz 40 47
30 cz 27 34
30 t 0
30 x_1_2 2
30 y_1_2 3
30 t 4
30 t 6
30 y_1_2 7
30 t 9
30 x_1_2 11
30 t 13
30 x_1_2 16
30 y_1_2 22
30 t 24
30 y_1_2 26
30 x_1_2 31
30 y_1_2 35
30 t 37
30 x_1_2 39
30 t 41
30 x_1_2 44
31 cz 3 4
31 cz 8 9
31 cz 12 13
31 cz 17 18
31 cz 22 23
31 cz 26 27
31 cz 31 32
31 cz 36 37
31 cz 40 41
31 cz 45 46
31 t 2
31 t 7
31 x_1_2 10
31 t 11
31 y_1_2 15
31 t 16
31 x_1_2 19
31 y_1_2 21
31 x_1_2 25
31 x_1_2 28
31 y_1_2 30
31 y_1_2 34
31 t 35
31 y_1_2 38
31 t 39
31 x_1_2 43
31 t 44
31 x_1_2 47
32 cz 14 21
32 cz 1 8
32 cz 29 36
32 cz 16 23
32 cz 3 10
32 cz 31 38
32 cz 18 25
32 cz 5 12
32 cz 33 40
32 cz 20 27
32 x_1_2 4
32 y_1_2 9
32 y_1_2 13
32 t 15
32 y_1_2 17
32 t 19
32 y_1_2 22
32 y_1_2 26
32 t 28
32 t 30
32 x_1_2 32
32 t 34
32 x_1_2 37
32 y_1_2 41
32 t 43
32 x_1_2 45
32 x_1_2 46
32 t 47
33 cz 0 1
33 cz 4 5
33 cz 9 10
33 cz 14 15
33 cz 18 19
33 cz 23 24
33 cz 28 29
33 cz 32 33
33 cz 37 38
33 cz 42 43
33 cz 46 47
33 x_1_2 3
33 x_1_2 8
33 y_1_2 12
33 t 13
33 x_1_2 16
33 t 17
33 x_1_2 20
33 x_1_2 21
33 t 22
33 y_1_2 25
33 t 26
33 y_1_2 27
33 y_1_2 31
33 y_1_2 36
33 y_1_2 40
33 t 41
33 t 45
34 cz 7 14
34 cz 35 42
34 cz 22 29
34 cz 9 16
34 cz 37 44
34 cz 24 31
34 cz 11 18
34 cz 39 46
34 cz 26 33
34 cz 13 20
34 cz 41 48
34 y_1_2 0
34 y_1_2 1
34 t 3
34 y_1_2 4
34 y_1_2 5
34 t 8
34 y_1_2 10
34 t 12
34 y_1_2 15
34 y_1_2 19
34 t 21
34 x_1_2 23
34 t 25
34 t 27
34 y_1_2 28
34 y_1_2 32
34 t 36
34 y_1_2 38
34 t 40
34 x_1_2 43
34 y_1_2 47
35 cz 1 2
35 cz 5 6
35 cz 10 11
35 cz 15 16
35 cz 19 20
35 cz 24 25
35 cz 29 30
35 cz 33 34
35 cz 38 39
35 cz 43 44
35 cz 47 48
35 t 0
35 t 4
35 x_1_2 7
35 y_1_2 9
35 y_1_2 13
35 y_1_2 14
35 y_1_2 18
35 x_1_2 22
35 t 23
35 x_1_2 26
35 t 28
35 y_1_2 31
35 t 32
35 x_1_2 35
35 x_1_2 37
35 y_1_2 41
35 y_1_2 42
35 x_1_2 46
36 cz 0 7
36 cz 28 35
36 cz 15 22
36 cz 2 9
36 cz 30 37
36 cz 17 24
36 cz 4 11
36 cz 32 39
36 cz 19 26
36 cz 6 13
36 cz 34 41
36 x_1_2 1
36 y_1_2 5
36 x_1_2 10
36 t 14
36 y_1_2 16
36 t 18
36 x_1_2 20
36 x_1_2 25
36 y_1_2 29
36 t 31
36 x_1_2 33
36 x_1_2 38
36 t 42
36 x_1_2 43
36 x_1_2 44
36 t 46
36 y_1_2 47
36 y_1_2 48
37 cz 2 3
37 cz 7 8
37 cz 11 12
37 cz 16 17
37 cz 21 22
37 cz 25 26
37 cz 30 31
37 cz 35 36
37 cz 39 40
37 cz 44 45
37 y_1_2 0
37 t 1
37 x_1_2 4
37 t 5
37 y_1_2 6
37 x_1_2 9
37 t 10
37 y_1_2 13
37 x_1_2 15
37 x_1_2 19
37 t 20
37 x_1_2 24
37 x_1_2 28
37 t 29
37 x_1_2 32
37 t 33
37 y_1_2 34
37 y_1_2 37
37 t 38
37 x_1_2 41
37 t 43
37 t 47
37 t 48
38 cz 21 28
38 cz 8 15
38 cz 36 43
38 cz 23 30
38 cz 10 17
38 cz 38 45
38 cz 25 32
38 cz 12 19
38 cz 40 47
38 cz 27 34
38 t 0
38 y_1_2 2
38 x_1_2 3
38 t 4
38 t 6
38 x_1_2 7
38 t 9
38 y_1_2 11
38 t 13
38 x_1_2 16
38 y_1_2 22
38 t 24
38 y_1_2 26
38 x_1_2 31
38 y_1_2 35
38 t 37
38 x_1_2 39
38 t 41
38 x_1_2 44
39 cz 3 4
39 cz 8 9
39 cz 12 13
39 cz 17 18
39 cz 22 23
39 cz 26 27
39 cz 31 32
39 cz 36 37
39 cz 40 41
39 cz 45 46
39 t 2
39 t 7
39 y_1_2 10
39 t 11
39 y_1_2 15
39 t 16
39 y_1_2 19
39 x_1_2 21
39 y_1_2 25
39 y_1_2 28
39 y_1_2 30
39 y_1_2 34
39 t 35
39 y_1_2 38
39 t 39
39 y_1_2 43
39 t 44
39 y_1_2 47
40 cz 14 21
40 cz 1 8
40 cz 29 36
40 cz 16 23
40 cz 3 10
40 cz 31 38
40 cz 18 25
40 cz 5 12
40 cz 33 40
40 cz 20 27
40 y_1_2 4
40 x_1_2 9
40 y_1_2 13
40 t 15
40 x_1_2 17
40 t 19
40 y_1_2 22
40 x_1_2 26
40 t 28
40 t 30
40 y_1_2 32
40 t 34
40 x_1_2 37
40 x_1_2 41
40 t 43
40 y_1_2 45
40 x_1_2 46
40 t 47
41 cz 0 1
41 cz 4 5
41 cz 9 10
41 cz 14 15
41 cz 18 19
41 cz 23 24
41 cz 28 29
41 cz 32 33
41 cz 37 38
41 cz 42 43
41 cz 46 47
41 y_1_2 3
41 y_1_2 8
41 y_1_2 12
41 t 13
41 y_1_2 16
41 t 17
41 x_1_2 20
41 x_1_2 21
41 t 22
41 y_1_2 25
41 t 26
41 y_1_2 27
41 y_1_2 31
41 y_1_2 36
41 x_1_2 40
41 t 41
41 t 45
42 cz 7 14
42 cz 35 42
42 cz 22 29
42 cz 9 16
42 cz 37 44
42 cz 24 31
42 cz 11 18
42 cz 39 46
42 cz 26 33
42 cz 13 20
42 cz 41 48
42 x_1_2 0
42 x_1_2 1
42 t 3
42 x_1_2 4
42 y_1_2 5
42 t 8
42 y_1_2 10
42 t 12
42 y_1_2 15
42 x_1_2 19
42 t 21
42 x_1_2 23
42 t 25
42 t 27
42 y_1_2 28
42 y_1_2 32
42 t 36
42 x_1_2 38
42 t 40
42 x_1_2 43
42 y_1_2 47
43 cz 1 2
43 cz 5 6
43 cz 10 11
43 cz 15 16
43 cz 19 20
43 cz 24 25
43 cz 29 30
43 cz 33 34
43 cz 38 39
43 cz 43 44
43 cz 47 48
43 t 0
43 t 4
43 x_1_2 7
43 y_1_2 9
43 y_1_2 13
43 y_1_2 14
43 x_1_2 18
43 x_1_2 22
43 t 23
43 x_1_2 26
43 t 28
43 x_1_2 31
43 t 32
43 x_1_2 35
43 x_1_2 37
43 y_1_2 41
43 y_1_2 42
43 x_1_2 46
44 cz 0 7
44 cz 28 35
44 cz 15 22
44 cz 2 9
44 cz 30 37
44 cz 17 24
44 cz 4 11
44 cz 32 39
44 cz 19 26
44 cz 6 13
44 cz 34 41
44 y_1_2 1
44 x_1_2 5
44 x_1_2 10
44 t 14
44 y_1_2 16
44 t 18
44 y_1_2 20
44 x_1_2 25
44 x_1_2 29
44 t 31
44 x_1_2 33
44 x_1_2 38
44 t 42
44 y_1_2 43
44 y_1_2 44
44 t 46
44 x_1_2 47
44 x_1_2 48
45 cz 2 3
45 cz 7 8
45 cz 11 12
45 cz 16 17
45 cz 21 22
45 cz 25 26
45 cz 30 31
45 cz 35 36
45 cz 39 40
45 cz 44 45
45 x_1_2 0
45 t 1
45 y_1_2 4
45 t 5
45 x_1_2 6
45 y_1_2 9
45 t 10
45 x_1_2 13
45 x_1_2 15
45 x_1_2 19
45 t 20
45 y_1_2 24
45 y_1_2 28
45 t 29
45 y_1_2 32
45 t 33
45 x_1_2 34
45 y_1_2 37
45 t 38
45 x_1_2 41
45 t 43
45 t 47
45 t 48
46 cz 21 28
46 cz 8 15
46 cz 36 43
46 cz 23 30
46 cz 10 17
46 cz 38 45
46 cz 25 32
46 cz 12 19
46 cz 40 47
46 cz 27 34
46 t 0
46 y_1_2 2
46 x_1_2 3
46 t 4
46 t 6
46 y_1_2 7
46 t 9
46 y_1_2 11
46 t 13
46 y_1_2 16
46 x_1_2 22
46 t 24
46 x_1_2 26
46 y_1_2 31
46 x_1_2 35
46 t 37
46 x_1_2 39
46 t 41
46 x_1_2 44
47 cz 3 4
47 cz 8 9
47 cz 12 13
47 cz 17 18
47 cz 22 23
47 cz 26 27
47 cz 31 32
47 cz 36 37
47 cz 40 41
47 cz 45 46
47 t 2
47 t 7
47 x_1_2 10
47 t 11
47 x_1_2 15
47 t 16
47 x_1_2 19
47 x_1_2 21
47 x_1_2 25
47 y_1_2 28
47 y_1_2 30
47 x_1_2 34
47 t 35
47 x_1_2 38
47 t 39
47 y_1_2 43
47 t 44
47 x_1_2 47
48 cz 14 21
48 cz 1 8
48 cz 29 36
48 cz 16 23
48 cz 3 10
48 cz 31 38
48 cz 18 25
48 cz 5 12
48 cz 33 40
48 cz 20 27
48 x_1_2 4
48 x_1_2 9
48 y_1_2 13
48 t 15
48 x_1_2 17
48 t 19
48 x_1_2 22
48 x_1_2 26
48 t 28
48 t 30
48 y_1_2 32
48 t 34
48 x_1_2 37
48 x_1_2 41
48 t 43
48 x_1_2 45
48 x_1_2 46
48 t 47
49 cz 0 1
49 cz 4 5
49 cz 9 10
49 cz 14 15
49 cz 18 19
49 cz 23 24
49 cz 28 29
49 cz 32 33
49 cz 37 38
49 cz 42 43
49 cz 46 47
49 y_1_2 3
49 y_1_2 8
49 x_1_2 12
49 t 13
49 y_1_2 16
49 t 17
49 y_1_2 20
49 y_1_2 21
49 t 22
49 x_1_2 25
49 t 26
49 x_1_2 27
49 y_1_2 31
49 x_1_2 36
49 x_1_2 40
49 t 41
49 t 45
50 cz 7 14
50 cz 35 42
50 cz 22 29
50 cz 9 16
50 cz 37 44
50 cz 24 31
50 cz 11 18
50 cz 39 46
50 cz 26 33
50 cz 13 20
50 cz 41 48
50 x_1_2 0
50 y_1_2 1
50 t 3
50 x_1_2 4
50 x_1_2 5
50 t 8
50 y_1_2 10
50 t 12
50 x_1_2 15
50 x_1_2 19
50 t 21
50 x_1_2 23
50 t 25
50 t 27
50 y_1_2 28
50 y_1_2 32
50 t 36
50 x_1_2 38
50 t 40
50 x_1_2 43
50 y_1_2 47
51 cz 1 2
51 cz 5 6
51 cz 10 11
51 cz 15 16
51 cz 19 20
51 cz 24 25
51 cz 29 30
51 cz 33 34
51 cz 38 39
51 cz 43 44
51 cz 47 48
51 t 0
51 t 4
51 y_1_2 7
51 y_1_2 9
51 x_1_2 13
51 y_1_2 14
51 x_1_2 18
51 y_1_2 22
51 t 23
51 y_1_2 26
51 t 28
51 x_1_2 31
51 t 32
51 y_1_2 35
51 x_1_2 37
51 y_1_2 41
51 x_1_2 42
51 y_1_2 46
52 cz 0 7
52 cz 28 35
52 cz 15 22
52 cz 2 9
52 cz 30 37
52 cz 17 24
52 cz 4 11
52 cz 32 39
52 cz 19 26
52 cz 6 13
52 cz 34 41
52 x_1_2 1
52 x_1_2 5
52 y_1_2 10
52 t 14
52 y_1_2 16
52 t 18
52 x_1_2 20
52 x_1_2 25
52 x_1_2 29
52 t 31
52 x_1_2 33
52 y_1_2 38
52 t 42
52 y_1_2 43
52 y_1_2 44
52 t 46
52 x_1_2 47
52 y_1_2 48
53 cz 2 3
53 cz 7 8
53 cz 11 12
53 cz 16 17
53 cz 21 22
53 cz 25 26
53 cz 30 31
53 cz 35 36
53 cz 39 40
53 cz 44 45
53 x_1_2 0
53 t 1
53 x_1_2 4
53 t 5
53 y_1_2 6
53 x_1_2 9
53 t 10
53 y_1_2 13
53 x_1_2 15
53 x_1_2 19
53 t 20
53 x_1_2 24
53 y_1_2 28
53 t 29
53 y_1_2 32
53 t 33
53 y_1_2 34
53 y_1_2 37
53 t 38
53 x_1_2 41
53 t 43
53 t 47
53 t 48
54 cz 21 28
54 cz 8 15
54 cz 36 43
54 cz 23 30
54 cz 10 17
54 cz 38 45
54 cz 25 32
54 cz 12 19
54 cz 40 47
54 cz 27 34
54 t 0
54 y_1_2 2
54 x_1_2 3
54 t 4
54 t 6
54 y_1_2 7
54 t 9
54 y_1_2 11
54 t 13
54 x_1_2 16
54 x_1_2 22
54 t 24
54 y_1_2 26
54 x_1_2 31
54 y_1_2 35
54 t 37
54 x_1_2 39
54 t 41
54 y_1_2 44
55 cz 3 4
55 cz 8 9
55 cz 12 13
55 cz 17 18
55 cz 22 23
55 cz 26 27
55 cz 31 32
55 cz 36 37
55 cz 40 41
55 cz 45 46
55 t 2
55 t 7
55 x_1_2 10
55 t 11
55 y_1_2 15
55 t 16
55 x_1_2 19
55 x_1_2 21
55 x_1_2 25
55 x_1_2 28
55 y_1_2 30
55 x_1_2 34
55 t 35
55 y_1_2 38
55 t 39
55 x_1_2 43
55 t 44
55 x_1_2 47
56 cz 14 21
56 cz 1 8
56 cz 29 36
56 cz 16 23
56 cz 3 10
56 cz 31 38
56 cz 18 25
56 cz 5 12
56 cz 33 40
56 cz 20 27
56 y_1_2 4
56 x_1_2 9
56 y_1_2 13
56 t 15
56 x_1_2 17
56 t 19
56 x_1_2 22
56 y_1_2 26
56 t 28
56 t 30
56 x_1_2 32
56 t 34
56 y_1_2 37
56 x_1_2 41
56 t 43
56 y_1_2 45
56 y_1_2 46
56 t 47
57 cz 0 1
57 cz 4 5
57 cz 9 10
57 cz 14 15
57 cz 18 19
57 cz 23 24
57 cz 28 29
57 cz 32 33
57 cz 37 38
57 cz 42 43
57 cz 46 47
57 y_1_2 3
57 y_1_2 8
57 x_1_2 12
57 t 13
57 x_1_2 16
57 t 17
57 y_1_2 20
57 y_1_2 21
57 t 22
57 y_1_2 25
57 t 26
57 y_1_2 27
57 y_1_2 31
57 x_1_2 36
57 y_1_2 40
57 t 41
57 t 45
58 cz 7 14
58 cz 35 42
58 cz 22 29
58 cz 9 16
58 cz 37 44
58 cz 24 31
58 cz 11 18
58 cz 39 46
58 cz 26 33
58 cz 13 20
58 cz 41 48
58 x_1_2 0
58 x_1_2 1
58 t 3
58 x_1_2 4
58 x_1_2 5
58 t 8
58 x_1_2 10
58 t 12
58 x_1_2 15
58 y_1_2 19
58 t 21
58 x_1_2 23
58 t 25
58 t 27
58 x_1_2 28
58 y_1_2 32
58 t 36
58 y_1_2 38
58 t 40
58 x_1_2 43
58 y_1_2 47
59 cz 1 2
59 cz 5 6
59 cz 10 11
59 cz 15 16
59 cz 19 20
59 cz 24 25
59 cz 29 30
59 cz 33 34
59 cz 38 39
59 cz 43 44
59 cz 47 48
59 t 0
59 t 4
59 x_1_2 7
59 y_1_2 9
59 x_1_2 13
59 y_1_2 14
59 x_1_2 18
59 x_1_2 22
59 t 23
59 x_1_2 26
59 t 28
59 y_1_2 31
59 t 32
59 y_1_2 35
59 x_1_2 37
59 x_1_2 41
59 x_1_2 42
59 x_1_2 46
60 cz 0 7
60 cz 28 35
60 cz 15 22
60 cz 2 9
60 cz 30 37
60 cz 17 24
60 cz 4 11
60 cz 32 39
60 cz 19 26
60 cz 6 13
60 cz 34 41
60 x_1_2 1
60 x_1_2 5
60 y_1_2 10
60 t 14
60 x_1_2 16
60 t 18
60 y_1_2 20
60 y_1_2 25
60 y_1_2 29
60 t 31
60 y_1_2 33
60 x_1_2 38
60 t 42
60 y_1_2 43
60 x_1_2 44
60 t 46
60 x_1_2 47
60 y_1_2 48
61 cz 2 3
61 cz 7 8
61 cz 11 12
61 cz 16 17
61 cz 21 22
61 cz 25 26
61 cz 30 31
61 cz 35 36
61 cz 39 40
61 cz 44 45
61 y_1_2 0
61 t 1
61 y_1_2 4
61 t 5
61 y_1_2 6
61 y_1_2 9
61 t 10
61 y_1_2 13
61 y_1_2 15
61 x_1_2 19
61 t 20
61 y_1_2 24
61 x_1_2 28
61 t 29
61 x_1_2 32
61 t 33
61 x_1_2 34
61 x_1_2 37
61 t 38
61 x_1_2 41
61 t 43
61 t 47
61 t 48
62 cz 21 28
62 cz 8 15
62 cz 36 43
62 cz 23 30
62 cz 10 17
62 cz 38 45
62 cz 25 32
62 cz 12 19
62 cz 40 47
62 cz 27 34
62 t 0
62 y_1_2 2
62 x_1_2 3
62 t 4
62 t 6
62 y_1_2 7
62 t 9
62 y_1_2 11
62 t 13
62 y_1_2 16
62 x_1_2 22
62 t 24
62 y_1_2 26
62 x_1_2 31
62 x_1_2 35
62 t 37
62 x_1_2 39
62 t 41
62 y_1_2 44
63 cz 3 4
63 cz 8 9
63 cz 12 13
63 cz 17 18
63 cz 22 23
63 cz 26 27
63 cz 31 32
63 cz 36 37
63 cz 40 41
63 cz 45 46
63 t 2
63 t 7
63 y_1_2 10
63 t 11
63 x_1_2 15
63 t 16
63 x_1_2 19
63 x_1_2 21
63 x_1_2 25
63 x_1_2 28
63 x_1_2 30
63 x_1_2 34
63 t 35
63 y_1_2 38
63 t 39
63 x_1_2 43
63 t 44
63 x_1_2 47
64 cz 14 21
64 cz 1 8
64 cz 29 36
64 cz 16 23
64 cz 3 10
64 cz 31 38
64 cz 18 25
64 cz 5 12
64 cz 33 40
64 cz 20 27
64 y_1_2 4
64 y_1_2 9
64 x_1_2 13
64 t 15
64 y_1_2 17
64 t 19
64 x_1_2 22
64 x_1_2 26
64 t 28
64 t 30
64 y_1_2 32
64 t 34
64 x_1_2 37
64 y_1_2 41
64 t 43
64 x_1_2 45
64 x_1_2 46
64 t 47
65 cz 0 1
65 cz 4 5
65 cz 9 10
65 cz 14 15
65 cz 18 19
65 cz 23 24
65 cz 28 29
65 cz 32 33
65 cz 37 38
65 cz 42 43
65 cz 46 47
65 y_1_2 3
65 x_1_2 8
65 y_1_2 12
65 t 13
65 y_1_2 16
65 t 17
65 x_1_2 20
65 x_1_2 21
65 t 22
65 x_1_2 25
65 t 26
65 x_1_2 27
65 y_1_2 31
65 x_1_2 36
65 y_1_2 40
65 t 41
65 t 45
66 cz 7 14
66 cz 35 42
66 cz 22 29
66 cz 9 16
66 cz 37 44
66 cz 24 31
66 cz 11 18
66 cz 39 46
66 cz 26 33
66 cz 13 20
66 cz 41 48
66 x_1_2 0
66 x_1_2 1
66 t 3
66 x_1_2 4
66 y_1_2 5
66 t 8
66 y_1_2 10
66 t 12
66 x_1_2 15
66 x_1_2 19
66 t 21
66 x_1_2 23
66 t 25
66 t 27
66 x_1_2 28
66 y_1_2 32
66 t 36
66 y_1_2 38
66 t 40
66 x_1_2 43
66 x_1_2 47
67 cz 1 2
67 cz 5 6
67 cz 10 11
67 cz 15 16
67 cz 19 20
67 cz 24 25
67 cz 29 30
67 cz 33 34
67 cz 38 39
67 cz 43 44
67 cz 47 48
67 t 0
67 t 4
67 y_1_2 7
67 x_1_2 9
67 y_1_2 13
67 x_1_2 14
67 x_1_2 18
67 x_1_2 22
67 t 23
67 y_1_2 26
67 t 28
67 y_1_2 31
67 t 32
67 x_1_2 35
67 x_1_2 37
67 x_1_2 41
67 y_1_2 42
67 x_1_2 46
68 cz 0 7
68 cz 28 35
68 cz 15 22
68 cz 2 9
68 cz 30 37
68 cz 17 24
68 cz 4 11
68 cz 32 39
68 cz 19 26
68 cz 6 13
68 cz 34 41
68 y_1_2 1
68 x_1_2 5
68 x_1_2 10
68 t 14
68 y_1_2 16
68 t 18
68 y_1_2 20
68 y_1_2 25
68 y_1_2 29
68 t 31
68 y_1_2 33
68 x_1_2 38
68 t 42
68 y_1_2 43
68 x_1_2 44
68 t 46
68 y_1_2 47
68 x_1_2 48
69 cz 2 3
69 cz 7 8
69 cz 11 12
69 cz 16 17
69 cz 21 22
69 cz 25 26
69 cz 30 31
69 cz 35 36
69 cz 39 40
69 cz 44 45
69 y_1_2 0
69 t 1
69 y_1_2 4
69 t 5
69 y_1_2 6
69 x_1_2 9
69 t 10
69 y_1_2 13
69 x_1_2 15
69 y_1_2 19
69 t 20
69 y_1_2 24
69 x_1_2 28
69 t 29
69 y_1_2 32
69 t 33
69 x_1_2 34
69 x_1_2 37
69 t 38
69 y_1_2 41
69 t 43
69 t 47
69 t 48
70 cz 21 28
70 cz 8 15
70 cz 36 43
70 cz 23 30
70 cz 10 17
70 cz 38 45
70 cz 25 32
70 cz 12 19
70 cz 40 47
70 cz 27 34
70 t 0
70 y_1_2 2
70 x_1_2 3
70 t 4
70 t 6
70 y_1_2 7
70 t 9
70 x_1_2 11
70 t 13
70 x_1_2 16
70 x_1_2 22
70 t 24
70 y_1_2 26
70 y_1_2 31
70 x_1_2 35
70 t 37
70 y_1_2 39
70 t 41
70 y_1_2 44
71 cz 3 4
71 cz 8 9
71 cz 12 13
71 cz 17 18
71 cz 22 23
71 cz 26 27
71 cz 31 32
71 cz 36 37
71 cz 40 41
71 cz 45 46
71 t 2
71 t 7
71 y_1_2 10
71 t 11
71 y_1_2 15
71 t 16
71 y_1_2 19
71 x_1_2 21
71 y_1_2 25
71 y_1_2 28
71 y_1_2 30
71 x_1_2 34
71 t 35
71 y_1_2 38
71 t 39
71 y_1_2 43
71 t 44
71 y_1_2 47
72 cz 14 21
72 cz 1 8
72 cz 29 36
72 cz 16 23
72 cz 3 10
72 cz 31 38
72 cz 18 25
72 cz 5 12
72 cz 33 40
72 cz 20 27
72 x_1_2 4
72 y_1_2 9
72 y_1_2 13
72 t 15
72 x_1_2 17
72 t 19
72 x_1_2 22
72 x_1_2 26
72 t 28
72 t 30
72 x_1_2 32
72 t 34
72 y_1_2 37
72 y_1_2 41
72 t 43
72 x_1_2 45
72 y_1_2 46
72 t 47
73 cz 0 1
73 cz 4 5
73 cz 9 10
73 cz 14 15
73 cz 18 19
73 cz 23 24
73 cz 28 29
73 cz 32 33
73 cz 37 38
73 cz 42 43
73 cz 46 47
73 x_1_2 3
73 x_1_2 8
73 y_1_2 12
73 t 13
73 x_1_2 16
73 t 17
73 y_1_2 20
73 y_1_2 21
73 t 22
73 y_1_2 25
73 t 26
73 y_1_2 27
73 x_1_2 31
73 x_1_2 36
73 x_1_2 40
73 t 41
73 t 45
74 h 0
74 h 1
74 h 2
74 h 3
74 h 4
74 h 5
74 h 6
74 h 7
74 h 8
74 h 9
74 h 10
74 h 11
74 h 12
74 h 13
74 h 14
74 h 15
74 h 16
74 h 17
74 h 18
74 h 19
74 h 20
74 h 21
74 h 22
74 h 23
74 h 24
74 h 25
74 h 26
74 h 27
74 h 28
74 h 29
74 h 30
74 h 31
74 h 32
74 h 33
74 h 34
74 h 35
74 h 36
74 h 37
74 h 38
74 h 39
74 h 40
74 h 41
74 h 42
74 h 43
74 h 44
74 h 45
74 h 46
74 h 47
74 h 48
